ArrayBlockingQueue

1-1
2782	20269	20271
2568	20431	20432
15763	19247	19247
16014	19532	19533
16113	19627	19627
2-2
3013	21952	21964
2788	20210	20234
20902	24406	24425
19329	22659	22670
19419	22854	22862
2-3
3215	21413	21421
3337	21530	21531
16630	20259	20261
16672	20149	20158
16660	20157	20165
3-2
3033	21609	21615
3131	21335	21371
18415	21878	21884
19020	22841	22854
19113	22839	22840
2-5
3432	21857	21857
3273	21621	21627
16490	20096	20110
16167	19646	19652
16128	19687	19687
5-2
2562	21889	21908
2575	21421	21457
17352	20833	20848
16956	20617	20629
16726	20332	20336
5-5
3031	21469	21505
3019	21334	21354
15878	19290	19302
16336	19759	19775
15821	19264	19293

ConcurrentLinkedQueue
1-1
5972	23457	23459
3883	22312	22315
3667	22549	22550
2-2
3757	22296	22300
4183	22701	22718
3943	22602	22611
2-3
3682	22212	22219
3992	22532	22532
3735	21945	21955
3-2
5602	23730	23768
5199	22820	22832
3878	23324	23335
2-5
4077	22775	22784
5007	22692	22713
3599	22448	22460
5-2
6631	23974	23997
3720	22545	22587
3834	22532	22571
5-5
4163	22621	22646
3718	22320	22366
3927	22189	22251

ConcurrentLinkedQueue
5-50
4665	23273	23309
4619	23576	23596
4778	22983	23039

ArrayBlockingQueue

5-50
2808    21243   21274
2939    22267   22279
16337	20266	20286
16058	19631	19662
16217	19877	19904

ArrayBlockingQueue
50-5
2269	21382	21499
2420	21551	21714
16050	19598	19741
16341	19910	20070
16252	19848	19992
size 10000
18581	18545	18621
18533	18480	18568

ConcurrentLinkedQueue
3691	20845	23662
4026	21072	23476
5842	18982	24441

50-50

ArrayBlockingQueue

2502	21374	21492
2479	21418	21601
size 10000
18563	18504	18602
18634	18610	18671
18573	18522	18608

ConcurrentLinkedQueue

3136	22626	22760
3508	20135	23050
3664	20044	23121

100-100

ArrayBlockingQueue
2831	20926	21545
3136	20973	21459
18980	18922	19014
18686	18623	18721
18595	18546	18633

ConcurrentLinkedQueue
3470	20003	23206
3527	20380	23513
3724	22937	23224